0000000000000000000000000000000000000000000000000000000000000000
0000000000000000000000000000000000000000000000000000000000000000
0000000000000000000000000000000000000000000000000000000000000000
0000000000000000000000000000000000000000000000000000000000000000
0000000000000000000000000000000000000000000000000000000000000000
0000000000000000000000000000000000000000000000000000000000000000
0000000000000000000000000000000000000000000000000000000000000000
0000000000000000000000000000000000000000000000000000000000000000
0000000000000000000000000000000000000000000000000000000000000010
0000000000000000000000000000000000000000000000000000000000000101
0000000000000000000000000000000000000000000000000000000000001010
0000000000000000000000000000000000000000000000000000000000010100
0000000000000000000000000000000000000000000000000000000000101000
0000000000000000000000000000000000000000000000000000000001010000
0000000000000000000000000000000000000000000000000000000010100000
0000000000000000000000000000000000000000000000000000000001000000
0000000000000000000000000000000000000000000000000000001000000000
0000000000000000000000000000000000000000000000000000010100000000
0000000000000000000000000000000000000000000000000000101000000000
0000000000000000000000000000000000000000000000000001010000000000
0000000000000000000000000000000000000000000000000010100000000000
0000000000000000000000000000000000000000000000000101000000000000
0000000000000000000000000000000000000000000000001010000000000000
0000000000000000000000000000000000000000000000000100000000000000
0000000000000000000000000000000000000000000000100000000000000000
0000000000000000000000000000000000000000000001010000000000000000
0000000000000000000000000000000000000000000010100000000000000000
0000000000000000000000000000000000000000000101000000000000000000
0000000000000000000000000000000000000000001010000000000000000000
0000000000000000000000000000000000000000010100000000000000000000
0000000000000000000000000000000000000000101000000000000000000000
0000000000000000000000000000000000000000010000000000000000000000
0000000000000000000000000000000000000010000000000000000000000000
0000000000000000000000000000000000000101000000000000000000000000
0000000000000000000000000000000000001010000000000000000000000000
0000000000000000000000000000000000010100000000000000000000000000
0000000000000000000000000000000000101000000000000000000000000000
0000000000000000000000000000000001010000000000000000000000000000
0000000000000000000000000000000010100000000000000000000000000000
0000000000000000000000000000000001000000000000000000000000000000
0000000000000000000000000000001000000000000000000000000000000000
0000000000000000000000000000010100000000000000000000000000000000
0000000000000000000000000000101000000000000000000000000000000000
0000000000000000000000000001010000000000000000000000000000000000
0000000000000000000000000010100000000000000000000000000000000000
0000000000000000000000000101000000000000000000000000000000000000
0000000000000000000000001010000000000000000000000000000000000000
0000000000000000000000000100000000000000000000000000000000000000
0000000000000000000000100000000000000000000000000000000000000000
0000000000000000000001010000000000000000000000000000000000000000
0000000000000000000010100000000000000000000000000000000000000000
0000000000000000000101000000000000000000000000000000000000000000
0000000000000000001010000000000000000000000000000000000000000000
0000000000000000010100000000000000000000000000000000000000000000
0000000000000000101000000000000000000000000000000000000000000000
0000000000000000010000000000000000000000000000000000000000000000
0000000000000000000000000000000000000000000000000000000000000000
0000000000000000000000000000000000000000000000000000000000000000
0000000000000000000000000000000000000000000000000000000000000000
0000000000000000000000000000000000000000000000000000000000000000
0000000000000000000000000000000000000000000000000000000000000000
0000000000000000000000000000000000000000000000000000000000000000
0000000000000000000000000000000000000000000000000000000000000000
0000000000000000000000000000000000000000000000000000000000000000
