0000000000000000000000000000000000000000000000000000001100000010
0000000000000000000000000000000000000000000000000000011100000101
0000000000000000000000000000000000000000000000000000111000001010
0000000000000000000000000000000000000000000000000001110000010100
0000000000000000000000000000000000000000000000000011100000101000
0000000000000000000000000000000000000000000000000111000001010000
0000000000000000000000000000000000000000000000001110000010100000
0000000000000000000000000000000000000000000000001100000001000000
0000000000000000000000000000000000000000000000110000001000000011
0000000000000000000000000000000000000000000001110000010100000111
0000000000000000000000000000000000000000000011100000101000001110
0000000000000000000000000000000000000000000111000001010000011100
0000000000000000000000000000000000000000001110000010100000111000
0000000000000000000000000000000000000000011100000101000001110000
0000000000000000000000000000000000000000111000001010000011100000
0000000000000000000000000000000000000000110000000100000011000000
0000000000000000000000000000000000000011000000100000001100000000
0000000000000000000000000000000000000111000001010000011100000000
0000000000000000000000000000000000001110000010100000111000000000
0000000000000000000000000000000000011100000101000001110000000000
0000000000000000000000000000000000111000001010000011100000000000
0000000000000000000000000000000001110000010100000111000000000000
0000000000000000000000000000000011100000101000001110000000000000
0000000000000000000000000000000011000000010000001100000000000000
0000000000000000000000000000001100000010000000110000000000000000
0000000000000000000000000000011100000101000001110000000000000000
0000000000000000000000000000111000001010000011100000000000000000
0000000000000000000000000001110000010100000111000000000000000000
0000000000000000000000000011100000101000001110000000000000000000
0000000000000000000000000111000001010000011100000000000000000000
0000000000000000000000001110000010100000111000000000000000000000
0000000000000000000000001100000001000000110000000000000000000000
0000000000000000000000110000001000000011000000000000000000000000
0000000000000000000001110000010100000111000000000000000000000000
0000000000000000000011100000101000001110000000000000000000000000
0000000000000000000111000001010000011100000000000000000000000000
0000000000000000001110000010100000111000000000000000000000000000
0000000000000000011100000101000001110000000000000000000000000000
0000000000000000111000001010000011100000000000000000000000000000
0000000000000000110000000100000011000000000000000000000000000000
0000000000000011000000100000001100000000000000000000000000000000
0000000000000111000001010000011100000000000000000000000000000000
0000000000001110000010100000111000000000000000000000000000000000
0000000000011100000101000001110000000000000000000000000000000000
0000000000111000001010000011100000000000000000000000000000000000
0000000001110000010100000111000000000000000000000000000000000000
0000000011100000101000001110000000000000000000000000000000000000
0000000011000000010000001100000000000000000000000000000000000000
0000001100000010000000110000000000000000000000000000000000000000
0000011100000101000001110000000000000000000000000000000000000000
0000111000001010000011100000000000000000000000000000000000000000
0001110000010100000111000000000000000000000000000000000000000000
0011100000101000001110000000000000000000000000000000000000000000
0111000001010000011100000000000000000000000000000000000000000000
1110000010100000111000000000000000000000000000000000000000000000
1100000001000000110000000000000000000000000000000000000000000000
0000001000000011000000000000000000000000000000000000000000000000
0000010100000111000000000000000000000000000000000000000000000000
0000101000001110000000000000000000000000000000000000000000000000
0001010000011100000000000000000000000000000000000000000000000000
0010100000111000000000000000000000000000000000000000000000000000
0101000001110000000000000000000000000000000000000000000000000000
1010000011100000000000000000000000000000000000000000000000000000
0100000011000000000000000000000000000000000000000000000000000000
