0000000000000000000000000000000000000000000000100000010000000000
0000000000000000000000000000000000000000000001010000100000000000
0000000000000000000000000000000000000000000010100001000100000000
0000000000000000000000000000000000000000000101000010001000000000
0000000000000000000000000000000000000000001010000100010000000000
0000000000000000000000000000000000000000010100001000100000000000
0000000000000000000000000000000000000000101000000001000000000000
0000000000000000000000000000000000000000010000000010000000000000
0000000000000000000000000000000000000010000001000000000000000100
0000000000000000000000000000000000000101000010000000000000001000
0000000000000000000000000000000000001010000100010000000000010001
0000000000000000000000000000000000010100001000100000000000100010
0000000000000000000000000000000000101000010001000000000001000100
0000000000000000000000000000000001010000100010000000000010001000
0000000000000000000000000000000010100000000100000000000000010000
0000000000000000000000000000000001000000001000000000000000100000
0000000000000000000000000000001000000100000000000000010000000010
0000000000000000000000000000010100001000000000000000100000000101
0000000000000000000000000000101000010001000000000001000100001010
0000000000000000000000000001010000100010000000000010001000010100
0000000000000000000000000010100001000100000000000100010000101000
0000000000000000000000000101000010001000000000001000100001010000
0000000000000000000000001010000000010000000000000001000010100000
0000000000000000000000000100000000100000000000000010000001000000
0000000000000000000000100000010000000000000001000000001000000000
0000000000000000000001010000100000000000000010000000010100000000
0000000000000000000010100001000100000000000100010000101000000000
0000000000000000000101000010001000000000001000100001010000000000
0000000000000000001010000100010000000000010001000010100000000000
0000000000000000010100001000100000000000100010000101000000000000
0000000000000000101000000001000000000000000100001010000000000000
0000000000000000010000000010000000000000001000000100000000000000
0000000000000010000001000000000000000100000000100000000000000000
0000000000000101000010000000000000001000000001010000000000000000
0000000000001010000100010000000000010001000010100000000000000000
0000000000010100001000100000000000100010000101000000000000000000
0000000000101000010001000000000001000100001010000000000000000000
0000000001010000100010000000000010001000010100000000000000000000
0000000010100000000100000000000000010000101000000000000000000000
0000000001000000001000000000000000100000010000000000000000000000
0000001000000100000000000000010000000010000000000000000000000000
0000010100001000000000000000100000000101000000000000000000000000
0000101000010001000000000001000100001010000000000000000000000000
0001010000100010000000000010001000010100000000000000000000000000
0010100001000100000000000100010000101000000000000000000000000000
0101000010001000000000001000100001010000000000000000000000000000
1010000000010000000000000001000010100000000000000000000000000000
0100000000100000000000000010000001000000000000000000000000000000
0000010000000000000001000000001000000000000000000000000000000000
0000100000000000000010000000010100000000000000000000000000000000
0001000100000000000100010000101000000000000000000000000000000000
0010001000000000001000100001010000000000000000000000000000000000
0100010000000000010001000010100000000000000000000000000000000000
1000100000000000100010000101000000000000000000000000000000000000
0001000000000000000100001010000000000000000000000000000000000000
0010000000000000001000000100000000000000000000000000000000000000
0000000000000100000000100000000000000000000000000000000000000000
0000000000001000000001010000000000000000000000000000000000000000
0000000000010001000010100000000000000000000000000000000000000000
0000000000100010000101000000000000000000000000000000000000000000
0000000001000100001010000000000000000000000000000000000000000000
0000000010001000010100000000000000000000000000000000000000000000
0000000000010000101000000000000000000000000000000000000000000000
0000000000100000010000000000000000000000000000000000000000000000
