0000000000000000000000000000000000000000000000000000000000000000
0000000000000000000000000000000000000000000000000000000000000000
0000000000000000000000000000000000000000000000000000000000000000
0000000000000000000000000000000000000000000000000000000000000000
0000000000000000000000000000000000000000000000000000000000000000
0000000000000000000000000000000000000000000000000000000000000000
0000000000000000000000000000000000000000000000000000000000000000
0000000000000000000000000000000000000000000000000000000000000000
0000000000000000000000000000000000000000000000100000000000000000
0000000000000000000000000000000000000000000001010000000000000000
0000000000000000000000000000000000000000000010100000000000000000
0000000000000000000000000000000000000000000101000000000000000000
0000000000000000000000000000000000000000001010000000000000000000
0000000000000000000000000000000000000000010100000000000000000000
0000000000000000000000000000000000000000101000000000000000000000
0000000000000000000000000000000000000000010000000000000000000000
0000000000000000000000000000000000000010000000000000000000000000
0000000000000000000000000000000000000101000000000000000000000000
0000000000000000000000000000000000001010000000000000000000000000
0000000000000000000000000000000000010100000000000000000000000000
0000000000000000000000000000000000101000000000000000000000000000
0000000000000000000000000000000001010000000000000000000000000000
0000000000000000000000000000000010100000000000000000000000000000
0000000000000000000000000000000001000000000000000000000000000000
0000000000000000000000000000001000000000000000000000000000000000
0000000000000000000000000000010100000000000000000000000000000000
0000000000000000000000000000101000000000000000000000000000000000
0000000000000000000000000001010000000000000000000000000000000000
0000000000000000000000000010100000000000000000000000000000000000
0000000000000000000000000101000000000000000000000000000000000000
0000000000000000000000001010000000000000000000000000000000000000
0000000000000000000000000100000000000000000000000000000000000000
0000000000000000000000100000000000000000000000000000000000000000
0000000000000000000001010000000000000000000000000000000000000000
0000000000000000000010100000000000000000000000000000000000000000
0000000000000000000101000000000000000000000000000000000000000000
0000000000000000001010000000000000000000000000000000000000000000
0000000000000000010100000000000000000000000000000000000000000000
0000000000000000101000000000000000000000000000000000000000000000
0000000000000000010000000000000000000000000000000000000000000000
0000000000000010000000000000000000000000000000000000000000000000
0000000000000101000000000000000000000000000000000000000000000000
0000000000001010000000000000000000000000000000000000000000000000
0000000000010100000000000000000000000000000000000000000000000000
0000000000101000000000000000000000000000000000000000000000000000
0000000001010000000000000000000000000000000000000000000000000000
0000000010100000000000000000000000000000000000000000000000000000
0000000001000000000000000000000000000000000000000000000000000000
0000001000000000000000000000000000000000000000000000000000000000
0000010100000000000000000000000000000000000000000000000000000000
0000101000000000000000000000000000000000000000000000000000000000
0001010000000000000000000000000000000000000000000000000000000000
0010100000000000000000000000000000000000000000000000000000000000
0101000000000000000000000000000000000000000000000000000000000000
1010000000000000000000000000000000000000000000000000000000000000
0100000000000000000000000000000000000000000000000000000000000000
0000000000000000000000000000000000000000000000000000000000000000
0000000000000000000000000000000000000000000000000000000000000000
0000000000000000000000000000000000000000000000000000000000000000
0000000000000000000000000000000000000000000000000000000000000000
0000000000000000000000000000000000000000000000000000000000000000
0000000000000000000000000000000000000000000000000000000000000000
0000000000000000000000000000000000000000000000000000000000000000
0000000000000000000000000000000000000000000000000000000000000000
